X11,X,20 6 2019 22 4
KE2,2 25000 3 1
GH1,1 50000 5 1
KE5,2 25000 3 1
GH3,1 50000 5 1
X18,X,20 6 2020 22 4
KE2,2 25000 3 1
GH1,1 50000 5 1
KE5,2 25000 3 1
GH3,1 50000 5 1
N32,N,11 8 2020 22 1
GH3,2 25000 3 1
X5,X,20 5 2020 22 4
KE2,2 25000 3 1
GH1,1 50000 5 1
KE5,2 25000 3 0
GH3,1 50000 5 1
N33,N,11 8 2020 22 2
TU15,2 35000 5 1
KE2,5 30000 5 1
N12,N,2 8 2020 22 2
KE2,15 25000 5 1
TU15,5 25000 5 1
X14,X,2 5 2020 22 1
TU5,2 50000 5 1
N24,N,9 8 2020 22 1
KE2,2 35000 5 1
X30,X,14 8 2020 22 1
BA1,3 30000 5 1
N27,N,10 8 2020 22 2
TU15,1 30000 2 0
GH3,1 2500 2 0
X30,X,14 8 2020 22 2
KE2,3 50000 5 1
GH3,5 50000 5 1
N10,N,28 1 2020 22 2
TU15,1 35000 5 0
KE3,1 35000 4 1
N1,N,20 1 2019 22 3
TU15,1 20000 5 1
TU5,1 30000 5 1
KE2,1 50000 5 1
N22,N,28 2 2020 22 2
TU5,1 30000 5 0
KE2,1 50000 5 1
X25,X,9 8 2020 22 1
KE2,2 35000 5 1
X29,X,10 8 2020 22 1
GH3,2 40000 5 0
N37,N,14 8 2020 22 1
BA1,20 50000 5 1
N30,N,28 2 2019 22 2
GH3,20 50000 5 1
TU15,20 50000 5 0
N37,N,13 8 2020 22 1
TU15,20 50000 5 1
N11,N,20 7 2020 22 2
TU15,1 30000 5 1
KE2,1 40000 4 1
N04,N,27 4 2020 22 2
KE2,2 25000 3 1
GH1,1 50000 5 1
N2,N,20 7 2019 22 2
TU5,1 30000 5 1
KE2,1 50000 5 1
X23,X,7 8 2020 22 2
TU5,1 30000 5 0
KE2,1 50000 5 0
X3,X,28 7 2020 22 3
KE2,2 25000 3 1
GH1,1 50000 5 1
TU15,5 25000 5 1
N26,N,10 8 2020 22 2
KE3,2 35000 5 1
KE2,1 30000 5 1
N31,N,11 8 2020 22 1
TU5,2 30000 5 1
