X41,X,21 8 2020 3 1
KE2,2 50000 5 1
N33,N,11 3 2020 3 2
TU15,2 35000 5 1
KE2,5 30000 5 1
X5,X,20 5 2020 3 4
KE2,2 25000 3 1
GH1,1 50000 5 1
KE5,2 25000 3 0
GH3,1 50000 5 1
N38,N,17 8 2020 3 1
GH3,20 50000 5 1
N40,N,20 8 2020 3 1
KE3,5 50000 5 1
X42,X,23 3 2020 3 2
TU5,2 50000 5 0
KE2,6 50000 5 1
N42,N,24 8 2020 3 1
TU5,10 50000 5 1
X30,X,14 5 2020 3 1
TU6,3 50000 5 1
N24,N,9 10 2019 3 1
KE2,2 35000 5 1
X11,X,20 12 2019 3 4
KE2,2 25000 3 1
GH1,1 50000 5 1
KE5,2 25000 3 1
GH3,1 50000 5 1
N43,N,24 8 2020 3 1
GH2,2 50000 5 1
N10,N,28 1 2020 3 2
TU15,1 35000 5 0
KE3,1 35000 4 1
X43,X,24 2 2020 3 1
GH2,7 50000 5 1
N26,N,10 4 2019 3 2
KE3,2 35000 5 1
KE2,1 30000 5 1
X31,X,14 1 2020 3 1
KE2,5 30000 5 1
N12,N,2 1 2020 3 2
KE2,15 25000 5 1
TU15,5 25000 5 1
X18,X,20 11 2019 3 4
KE2,2 25000 3 1
GH1,4 50000 5 1
KE5,2 25000 3 1
GH3,1 50000 5 1
N32,N,11 2 2020 3 1
GH3,2 25000 3 1
X39,X,20 5 2020 3 1
KE2,2 50000 5 1
X14,X,2 5 2019 3 1
TU5,2 50000 5 1
N27,N,10 5 2020 3 2
TU15,1 30000 2 0
GH3,1 25000 2 0
N1,N,20 1 2019 3 3
TU15,1 20000 5 1
TU5,1 30000 5 1
KE2,1 50000 5 1
N22,N,28 3 2020 3 2
TU5,1 30000 5 0
KE2,1 50000 5 1
X25,X,9 8 2019 3 1
KE2,2 35000 5 1
X29,X,10 6 2019 3 1
GH3,2 40000 5 0
N37,N,14 8 2020 3 1
BA1,20 50000 5 1
N30,N,28 2 2019 3 2
GH3,20 50000 5 1
TU15,20 50000 5 0
N37,N,13 8 2020 3 1
TU15,20 50000 5 1
N11,N,20 7 2020 3 2
TU15,1 30000 5 1
KE2,1 40000 4 1
N04,N,27 4 2020 3 2
KE2,2 25000 3 1
GH1,1 50000 5 1
N2,N,20 7 2019 3 2
TU5,1 30000 5 1
KE2,1 50000 5 1
X23,X,7 7 2019 3 2
TU5,1 30000 5 0
KE2,1 50000 5 0
X3,X,28 7 2020 3 3
KE2,2 25000 3 1
GH1,1 50000 5 1
TU15,5 25000 5 1
X34,X,17 7 2020 3 1
GH3,5 50000 5 1
X35,X,17 6 2020 3 2
GH3,1 50000 5 0
KE2,3 50000 5 0
X38,X,20 4 2020 3 1
KE2,2 50000 5 1
N41,N,24 8 2020 3 1
GH2,10 5000 5 1
N45,N,25 8 2020 3 1
TU6,8 50000 5 1
X44,X,25 1 2020 3 2
TU5,15 5000 5 1
TU6,2 5000 5 1
X45,X,26 2 2020 3 1
TU7,5 5000 5 0
N46,N,26 8 2020 3 1
TU5,10 50000 5 1
N31,N,11 8 2020 3 1
TU5,2 30000 5 1
X33,X,15 3 2020 3 1
KE2,2 50000 5 1
N44,N,25 8 2020 3 1
TU5,5 50000 5 1
X36,X,19 1 2020 3 1
GH3,2 50000 5 0
N39,N,19 8 2020 3 1
KE2,10 50000 5 1
X37,X,19 5 2020 3 1
KE2,1 50000 5 1
X40,X,20 6 2020 3 1
GH3,5 50000 5 1
X46,X,27 8 2020 3 2
TU7,10 5000 5 0
TU6,3 5000 5 1
